              precision    recall  f1-score   support

           0       1.00      1.00      1.00        10
           1       1.00      1.00      1.00        10
           2       1.00      0.90      0.95        10
           3       1.00      1.00      1.00        10
           4       0.83      1.00      0.91        10
           5       1.00      1.00      1.00        10
           6       1.00      0.90      0.95        10
           7       0.91      1.00      0.95        10
           8       1.00      1.00      1.00        10
           9       1.00      1.00      1.00        10
          10       1.00      0.90      0.95        10
          11       1.00      1.00      1.00        10

    accuracy                           0.97       120
   macro avg       0.98      0.98      0.98       120
weighted avg       0.98      0.97      0.98       120
